4294967294,1092
4294967294,1091
4294967294,1090
4294967294,1014
4294967294,1012
4294967294,1009
4294967294,1007
4294967294,1004
4294967294,999
4294967294,997
4294967294,996
4294967294,995
4294967294,1094
4294967294,1093
4294967294,1089
4294967294,1088
4294967294,1015
4294967294,1013
4294967294,1011
4294967294,1006
4294967294,1002
4294967294,998
4294967294,185
4294967294,176
4294967294,173
4294967294,170
4294967294,163
4294967279,132
4294967279,131
4294967279,125
4294967279,124
4294967279,123
4294967279,117
4294967279,116
4294967279,115
4294967279,113
4294967279,108
4294967279,102
4294967279,101
4294967279,99
4294967279,160
4294967278,157
4294967278,142
4294967278,141
4294967279,138
4294967278,277
4294967278,290
4294967278,133
4294967294,1420
4294967278,275
4294967278,286
4294967279,299
4294967294,483
4294967279,265
4294967279,322
4294967278,269
4294967279,264
4294967279,263
4294967278,267
4294967279,262
64,5
64,4
64,3
64,2
64,1
4294967279,259
4294967294,482
4294967279,255
62,4
62,3
62,2
62,1
4294967294,1421
4294967279,321
4294967279,320
61,6
4294967278,351
4294967279,252
4294967278,382
4294967279,543
61,5
4294967279,561
4294967278,254
61,4
61,3
61,2
61,1
4294967279,541
4294967278,251
60,5
60,4
60,3
60,2
60,1
4294967279,241
4294967278,240
4294967279,239
4294967278,232
4294967279,231
4294967278,230
4294967279,229
4294967278,224
4294967278,228
59,5
4294967279,227
59,4
4294967278,226
59,3
59,2
59,1
4294967279,225
4294967279,224
4294967278,223
4294967279,221
4294967278,216
4294967279,219
4294967279,220
4294967278,219
4294967278,217
4294967279,217
58,5
4294967278,214
4294967279,559
4294967278,213
58,4
4294967279,213
58,3
58,2
58,1
4294967279,523
4294967278,212
4294967278,211
4294967278,210
4294967278,342
4294967279,558
4294967279,557
4294967278,341
4294967278,205
56,4
56,3
56,2
56,1
4294967279,554
4294967278,201
4294967279,201
4294967294,387
4294967278,381
4294967279,575
4294967279,534
4294967278,340
4294967279,533
4294967278,339
4294967279,532
4294967278,364
4294967279,553
4294967279,193
4294967278,363
4294967278,192
4294967279,98
4294967278,190
4294967278,189
4294967279,97
4294967278,325
4294967294,75
4294967294,18
4294967294,127
4294967294,14
4294967294,126
4294967294,20
4294967294,13
4294967294,1008
4294967294,182
4294967294,162
4294967294,161
4294967278,88
4294967278,174
4294967278,324
4294967278,47
4294967278,45
4294967278,44
4294967278,42
4294967278,41
4294967278,40
4294967278,39
4294967278,260
4294967278,38
4294967278,37
4294967278,36
4294967278,35
4294967278,34
4294967278,33
4294967278,32
4294967278,31
4294967278,30
4294967278,29
4294967278,28
4294967278,27
4294967278,26
4294967278,25
4294967278,24
4294967278,23
4294967278,22
4294967278,21
4294967278,20
4294967278,284
4294967278,19
4294967278,18
4294967278,17
4294967278,16
4294967278,15
4294967278,14
4294967278,13
4294967278,12
4294967278,11
4294967278,10
4294967278,9
4294967278,8
4294967279,54
4294967279,291
4294967279,52
4294967279,51
4294967279,50
4294967279,49
4294967279,45
4294967279,42
4294967279,41
4294967279,39
4294967279,38
4294967279,37
4294967279,34
4294967279,33
4294967279,32
4294967279,31
4294967279,29
4294967279,27
4294967279,26
4294967279,24
4294967279,23
4294967279,21
4294967279,20
4294967279,19
4294967279,18
4294967279,17
4294967279,14
4294967279,13
4294967279,11
4294967279,9
4294967279,574
4294967278,380
4294967278,185
4294967294,30
4294967294,1167
4294967294,1166
4294967294,1164
4294967294,992
4294967294,990
4294967294,989
4294967294,987
4294967279,178
4294967279,177
4294967279,172
4294967279,168
4294967279,167
4294967278,336
4294967279,53
4294967278,161
4294967278,160
4294967278,379
4294967294,395
4294967294,409
4294967294,187
4294967294,399
4294967294,385
4294967294,1172
4294967294,178
4294967294,179
4294967294,420
4294967294,167
4294967294,398
4294967294,1173
4294967294,415
4294967294,454
4294967294,412
4294967279,573
4294967279,47
4294967278,46
4294967278,359
4294967279,46
4294967279,158
4294967278,315
4294967279,157
4294967278,156
4294967279,155
4294967279,290
4294967278,43
4294967278,333
4294967278,153
4294967279,152
4294967278,150
4294967278,152
55,5
4294967279,151
55,4
4294967278,151
55,2
55,1
4294967279,150
4294967279,148
4294967278,148
4294967279,147
4294967279,287
4294967279,146
4294967278,146
4294967279,145
4294967279,144
53,4
4294967278,144
53,3
53,2
53,1
4294967278,293
4294967279,143
4294967294,1422
4294967279,142
4294967279,141
4294967278,378
4294967279,140
52,6
4294967279,272
4294967279,301
4294967279,137
4294967278,138
52,5
4294967279,136
4294967279,135
52,4
52,3
52,2
52,1
4294967279,134
4294967294,481
4294967278,134
4294967279,133
4294967278,288
4294967279,271
4294967279,270
51,5
4294967278,287
4294967279,279
4294967278,274
51,4
4294967279,280
51,3
51,2
51,1
4294967279,278
4294967278,273
4294967279,277
4294967278,270
4294967279,522
4294967278,266
4294967279,261
4294967279,275
4294967279,256
50,5
4294967294,468
50,4
4294967279,257
50,3
50,2
50,1
4294967279,274
4294967294,1001
4294967294,186
4294967294,1000
4294967294,1176
4294967278,279
4294967279,549
4294967294,1423
4294967278,259
4294967279,520
